35
<<<<<<< HEAD
1,2,36
1.5,3,35
2,1.5,34
2.5,1.7,33
3,2.5,32
4,1.9,31
3.5,10,30
4,8.5,50
4.5,11,13
5,9,19
5.5,10,21
5,7,12,12
7,4,8
8,3,17
8.5,4.5,16
9,3.5,18
9,2.5,34
10,3.5,22
10.5,12,29
10.5,12.5,37
11.3,12.2,31
11.5,11.6,70
12,11.3,69
13,11.6,51
12.2,8.5,55
12.3,7.8,47
12.8,7.3,22
13,8.1,26
13.5,8.2,28
14,7.9,34
14.5,3,55
14.7,2,98
15,3.5,0
15.5,2.7,6
16,3.3,23
6
3
500
=======
1,2
1.5,3
2,1.5
2.5,1.7
3,2.5,
4,1.9
3.5,10
4,8.5
4.5,11
5,9
5.5,10
5,7,12
7,4
8,3
8.5,4.5
9,3.5
9,2.5
10,3.5
10.5,12
10.5,12.5
11.3,12.2
11.5,11.6
12,11.3
13,11.6
12.2,8.5
12.3,7.8
12.8,7.3
13,8.1
13.5,8.2
14,7.9
14.5,3
14.7,2
15,3.5
15.5,2.7
16,3.3
6
3
>>>>>>> 289f16edc1aa9169b7af8684211f568e7964767a
